,AA10,AA3,CBM0,CBM13,CBM18,CBM3,CBM32,CBM4,CBM48,CBM5,CBM50,CBM63,CBM67,CBM91,CE1,CE11,CE12,CE2,CE4,CE8,CE9,GH0,GH1,GH102,GH103,GH104,GH105,GH106,GH108,GH113,GH12,GH121,GH127,GH13,GH140,GH146,GH148,GH15,GH153,GH154,GH16,GH18,GH19,GH2,GH23,GH24,GH25,GH26,GH28,GH3,GH30,GH31,GH32,GH33,GH36,GH37,GH38,GH39,GH4,GH42,GH43,GH5,GH51,GH53,GH65,GH68,GH73,GH77,GH78,GH8,GH88,GH91,GH94,GT0,GT1,GT101,GT102,GT11,GT111,GT14,GT19,GT2,GT20,GT21,GT24,GT25,GT26,GT28,GT30,GT32,GT35,GT4,GT41,GT5,GT51,GT52,GT56,GT73,GT8,GT81,GT83,GT84,GT9,GT97,PL0,PL1,PL10,PL11,PL17,PL2,PL22,PL26,PL3,PL35,PL38,PL4,PL9
AA10,1.0,0.06264642288224981,0.07707246709435592,0.07603426757301124,-0.006343557360579475,0.09096095006385573,0.052192277820018826,-0.012741141004117556,0.030303095015968156,,,-0.24544059883924774,-0.010051332566855632,0.03147200345511063,0.04192629032567897,0.007774724158652013,0.03284923525497151,-0.041015032959882375,-0.046817518949752876,0.03978141057924858,0.010051332566855717,0.024721206045785808,0.004482412459633693,0.008983824922748237,0.004482412459633724,-0.05620793573627577,0.03104632027133662,-0.004482412459633641,0.0030838650246488085,-0.00898382492274819,-0.11994260255165519,-0.00448241245963364,-0.00448241245963364,0.006343557360579458,-0.010051332566855632,-0.00448241245963364,-0.012741141004117556,-0.00448241245963364,-0.05543044058100653,-0.0169273361935709,0.1764862384014006,0.6532377768682934,-0.09401414113598644,0.041320058195428465,,0.08259093273939253,-0.004482412459633641,-0.04575787445751822,0.007774724158651886,,-0.058086675745391794,0.0328492352549715,0.010051332566855373,0.04070869071674042,0.04371664889244803,-0.04009191585173142,0.09513731787680157,-0.029545783966999892,0.09041107969588885,0.046904276093397375,0.05109755238807975,0.03424168960517825,-0.025928720905473844,0.0471888126227175,0.3605859031948865,-0.04162379985905657,0.010051332566855553,0.008983824922748193,-0.04604575307078672,0.03249451328386338,-0.03724120825548518,-0.041926290325679,-0.10471459182285162,0.010051332566855737,0.05716145082029013,-0.007774724158652,-0.004482412459633642,-0.01352364275164341,-0.016299900594732412,0.3142171134203181,0.004482412459633637,,-0.04132005819542843,-0.018693288837240158,-0.00448241245963364,-0.004731200189136031,0.007774724158652093,0.006343557360579427,0.008983824922748187,-0.02341891497512916,0.029161491087848237,0.008983824922748119,0.08525819977862542,0.029545783966999892,,0.05948864271145255,0.010051332566855507,-0.014265335235378047,0.1258235231793178,-0.01141708878698451,0.042527642149537595,-0.10471459182285162,,-0.00448241245963364,-0.010051332566855638,0.020836563457751377,-0.02280073974825626,0.2579110816407563,-0.004482412459633638,0.03177648681890997,0.03030309501596814,-0.1909134136890093,0.015649231897331244,-0.031046320271336636,0.025588601475918574,0.042826563372081246,0.028380840777639433
AA3,0.06264642288224981,1.0,0.050412923746533535,0.5570157746059559,-0.07234577851709093,0.4929810067895115,0.14524810142338168,0.07831519195637619,0.30848858162086823,,,0.21238843849846947,0.06178191098711516,0.01991906295253202,0.3649438435341148,0.04318230845646693,0.2939163171787361,-0.4677603309502946,-0.08365723430730022,0.3946874104080452,0.0793488157979094,0.1089047892977146,0.051120152399360054,0.0236183326569356,0.05112015239936016,-0.25070573791508194,0.30563538307743593,-0.05112015239935994,-0.10315089590912101,-0.023618332656935623,0.2596065744980881,0.027551770449005673,-0.051120152399359936,0.07234577851709098,-0.07934881579790931,0.027551770449005673,0.07831519195637619,-0.051120152399359936,-0.09939844617539105,-0.17182848510840906,0.002303056451011575,0.017578526375212407,-0.44128700926077824,0.2994767480871351,,0.24864272000370283,-0.05112015239935994,0.14887673723011563,0.08866767336394596,,0.057186779929654395,-0.09813428434853677,0.008783452405397065,0.3580589071776176,0.20627342735643556,-0.37904775762510934,0.5223609801805884,-0.31166218478700813,0.44906200824976167,0.37894470145732545,0.48491197125125846,0.3126076384636651,-0.26726428666086954,0.4173874210329087,-0.18498674300975407,-0.39880182701749844,-0.02649922929085885,-0.015800997200062634,-0.2528188227710638,0.10288630866334529,0.05253201526361075,-0.46871877809928003,-0.3317971355406245,0.008783452405397067,-0.26101032460810375,0.047788421358490304,-0.05112015239935994,-0.022366953765824895,-0.07586182084120942,-0.05112015239935995,-0.027551770449005326,,-0.3471884913626466,-0.21318961224801575,0.027551770449005693,0.04680828990504387,-0.00230305645101147,0.016677111281537267,0.023618332656935557,0.21310029790114005,0.31977983219673795,-0.055220327057060814,0.17426286214986472,0.3116621847870075,,-0.15529128745491455,-0.06178191098711534,0.08768386339336827,0.20088453387846775,0.16718808649275582,0.37304907917594254,-0.3317971355406245,,-0.05112015239935995,0.06178191098711517,0.22021816708372802,-0.01992464293212666,0.24467992229031305,0.02755177044900572,0.3030667548182222,0.32085735066910825,0.17021250855078499,0.15558471294188794,0.17872159311348557,-0.03689596784376145,0.34922391213110865,0.21880515310399096
CBM0,0.07707246709435592,0.050412923746533535,1.0,0.06567309187506161,-0.006958953193300083,0.0544804127193333,-0.0022600859615433014,-0.013977173821723126,0.03324283329393328,,,0.042608966963609364,-0.011026423958536032,0.2657924555347865,0.04599360821708693,0.008528959136886373,0.03603597754086804,-0.04499394872081818,-0.07441268096014474,0.043640651206968036,0.011026423958535973,0.06595513066999804,0.004917256474024625,0.009855356163831633,0.004917256474024535,-0.0043698046294537015,0.03405815969049562,-0.004917256474024565,-0.007752787019190855,-0.009855356163831768,0.02128473682163343,-0.004917256474024567,-0.0049172564740245644,0.0069589531933,-0.011026423958536041,-0.004917256474024567,-0.013977173821723126,-0.0049172564740245644,0.11075708559555596,-0.018569476645759184,-0.008528959136886618,0.03775738505389671,-0.058202776518383015,0.009990177112085526,,0.020582677707998005,-0.004917256474024565,0.015169392480869813,0.008528959136886564,,-0.008199487484461934,-0.04936928923098917,0.011026423958535791,0.04465788786253654,0.047957651538077954,-0.04398127895487948,0.059557083704455956,-0.032412054624650834,0.03111403281092084,0.05145451413869757,0.056054585014166804,0.03756351549726955,-0.028444096094190862,0.0517666538856522,0.0015268917595297599,-0.04566177280061762,0.01102642395853604,0.009855356163831574,-0.05051270480520842,-0.007456737687921352,0.1896793828395842,-0.04599360821708696,-0.0928464420311759,0.011026423958535916,0.07151095514994239,-0.008528959136886631,0.2864301896119312,-0.014835586968350762,0.06361571090229994,-0.004917256474024567,0.004917256474024598,,-0.04532856480707469,-0.020506746396837226,-0.004917256474024567,0.05700449834290014,0.008528959136886552,0.006958953193300033,0.009855356163831666,0.14120233072041607,0.031990481049048995,0.009855356163831661,-0.02192090538231496,0.032412054624650743,,0.05096529619213944,0.011026423958535685,-0.015649231897331178,0.0942957649764971,-0.03019340997738754,0.012100699136728205,-0.0928464420311759,,-0.004917256474024567,-0.011026423958536032,0.022857942565915806,-0.025012665868956206,0.02175056379279574,-0.00491725647402456,0.034859160538923774,0.03324283329393326,0.05768660637794057,0.017167381974249028,0.23500130186442048,0.25232342728624996,0.04698121779243893,0.031134098949812672
CBM13,0.07603426757301124,0.5570157746059559,0.06567309187506161,1.0,-0.009328789710486562,0.9010770608768264,0.5126430234091397,-0.1270462039781167,0.2901810149621772,,,0.2416299405198309,0.03648486389762306,0.06824705248671525,0.37236824428437226,0.03346376570767407,0.3052113432217428,-0.4089746940173116,-0.1914606544195317,0.38714787033236775,0.0660476982810727,0.12333477642904862,0.04469564283737472,0.051396144625303675,0.04469564283737483,-0.5627737124549007,0.29784366957571806,-0.044695642837374726,0.15891319240390606,-0.08958074110241003,0.5404758269334725,-0.04469564283737471,-0.04469564283737469,0.009328789710486635,-0.10022521900730451,-0.04469564283737471,-0.1270462039781167,-0.04469564283737469,0.19522088268688956,-0.1687881647459656,-0.03346376570767399,0.13738120555857747,-0.8257950739452742,0.31033821747863105,,0.3900812073894888,-0.0446956428373747,-0.45626716241945764,0.0775243905561114,,-0.45575680288056153,-0.05221960597431907,0.06604769828107258,0.34045034924772777,0.21470863759176073,-0.39976998272968506,0.9427857875543766,-0.2946109532381566,0.640386460541509,0.4593041877319624,0.5095108877125323,0.33065467407532406,-0.2585440004143998,0.4705355283340349,0.18478383698321302,-0.37828301711503814,-0.0023073431713911243,-0.024973048328909182,-0.21237093191833759,-0.014224064586733837,0.06080943044022344,-0.4180611478234615,-0.17991927813893344,0.031870177554840826,-0.4179740221467427,0.05465748398920096,0.03151203595728578,0.09507324917129663,0.11459076072695286,-0.04469564283737471,-0.031512035957285724,,-0.3657989370029008,-0.1863970727480661,0.03151203595728578,0.26282408291578396,-0.010596859140763349,0.009328789710486661,0.013211548148197255,0.3482871987310891,0.2907790396366771,-0.06315764480601568,-0.14036454402304205,0.28235919048724506,,0.13141664121806107,0.06604769828107261,0.07603426757301132,0.5225005009678726,-0.2571134484173642,0.2613749658016225,-0.17991927813893344,,-0.04469564283737471,-0.1002252190073045,0.2077683851392076,-0.22735384782044074,0.3010772027477148,-0.04469564283737468,0.31685404194165273,0.3021623565207203,0.16705183133103105,0.15604375676296736,0.18307140806922242,0.0030642938825549693,0.40007084083936706,0.2829949127272954
CBM18,-0.006343557360579475,-0.07234577851709093,-0.006958953193300083,-0.009328789710486562,1.0,-0.014645263102314827,-0.04916651479516642,-0.0056657735317994454,0.013475282442725472,,,-0.07302470083564734,-0.004469660448636452,0.04077973191467153,-0.0663293454075956,0.003457290547282808,0.014607508667184743,-0.01823870311731771,-0.07688824940778194,-0.07088510542700716,0.004469660448636437,0.10544749798784384,0.00199325428265752,0.003994957550911423,0.0019932542826575105,-0.04643171397083279,0.013805782354677778,-0.0019932542826574945,-0.025712690527457237,-0.003994957550911443,-0.00022410286061504053,-0.0019932542826574962,-0.001993254282657494,0.0028208744710860045,0.3133231974494155,-0.0019932542826574962,-0.0056657735317994454,-0.001993254282657494,-0.024648995172281325,-0.007527304920211683,-0.0034572905472827504,-0.009710946894393217,0.012833988434504244,-0.06757406320340083,,0.036726814382656514,-0.001993254282657494,-0.020347765862494257,0.0034572905472827348,,-0.025830178779286762,0.0146075086671848,0.004469660448636517,-0.0688628041242446,0.01944006679729516,0.07019857014131964,-0.012185962557684355,-0.013138518812592504,0.040204303692803825,-0.05719360203657922,-0.05071189016223467,-0.08501579728540899,0.11656181169110463,-0.056722591978368195,-0.0156797969337503,0.06694637844311088,0.004469660448636332,0.003994957550911424,-0.02047578069467454,-0.090384783973029,-0.016560546026291523,-0.018643924114567407,0.007007329942471009,0.004469660448636461,-0.006701032141648708,-0.00345729054728275,-0.001993254282657495,-0.006013739046684339,-0.007248294743049443,-0.0019932542826574967,0.0019932542826574286,,0.06757406320340084,-0.008312594694783605,-0.001993254282657494,-0.01891133527074375,0.0034572905472827257,0.0028208744710860397,0.003994957550911434,-0.02441089328759281,0.012967630159649022,0.0039949575509113915,0.03791290368095738,0.01313851881259258,,-0.0083125946947836,0.00446966044863661,-0.006343557360579483,0.002767660764859315,0.023571737096772735,-0.06512591083862372,0.007007329942471009,,-0.0019932542826574962,-0.004469660448636455,0.009265673277961128,-0.010139109812015221,-0.019044260567640955,-0.0019932542826574945,0.014130475276427136,0.01347528244272551,-0.02583430756670021,0.0069589531933000335,-0.013805782354677797,-0.027579496950179926,-0.06453888303478329,-0.10544749798784381
CBM3,0.09096095006385573,0.4929810067895115,0.0544804127193333,0.9010770608768264,-0.014645263102314827,1.0,0.3670228235461335,-0.14007264650570467,0.28417958204717697,,,0.0797498328278824,0.02917242834191003,0.051689647142420955,0.20883505068332162,0.04045731821378878,0.33831180924621135,-0.45090814169255344,-0.21692747336804857,0.2037662921019785,0.07558310979494888,0.11610103257268152,0.04927842614316281,0.059753268566863776,0.04927842614316302,-0.5708256496165567,0.2813951069132162,0.028581487163034436,0.19758017091617514,-0.09876573316836967,0.5430335754112361,0.02858148716303451,-0.0492784261431628,0.014645263102314955,-0.07558310979494864,0.02858148716303451,-0.14007264650570467,-0.0492784261431628,0.32287849901176174,0.08693273528619976,0.004558571066342385,0.12275386859688033,-0.9134899094071897,0.21816506555175244,,0.42769914125855063,-0.04927842614316281,-0.503049654004225,0.08547320749391964,,-0.49021108246432366,-0.1295754453005341,0.07558310979494874,0.16087259367969692,0.16420806614744154,-0.208626230888063,0.9022143856670631,-0.2997835521261182,0.7029064663893091,0.2669453553714283,0.3600323636212424,0.37644384300230077,-0.04578668970055836,0.2711711518039745,0.20334377862235922,-0.18529859337373716,0.005746084370376231,-0.05728412523765434,-0.07153031166957831,-0.1035254943180172,0.18612351220074624,-0.4609262578749036,-0.10930847779819963,0.04066459708266247,-0.4538901593437392,0.049574460346473406,0.028581487163034457,0.08623164985025776,0.10393407652743294,0.02858148716303449,-0.028581487163034533,,-0.18983349265544266,0.11919518780298585,0.028581487163034467,0.2619378040527515,-0.004558571066342234,-0.040448821901631446,0.02074080396535764,0.3500304197050732,0.3079300751609903,-0.0572841252376544,-0.2289368710563194,0.2997835521261184,,0.11919518780298588,0.07558310979494882,0.06618193263266726,0.6352684442368125,-0.2671705712437931,0.1997553356207731,-0.10930847779819963,,-0.04927842614316282,-0.005746084370376221,-0.08115676851117648,-0.2506651451227129,0.26389373013032663,-0.0492784261431628,0.29062287314411545,0.30866179249617065,0.1335706662511857,0.14939102645669822,0.1620107677538086,-0.011198379906221216,0.23204047812340584,-0.01231623400700304
CBM32,0.052192277820018826,0.14524810142338168,-0.0022600859615433014,0.5126430234091397,-0.04916651479516642,0.3670228235461335,1.0,0.046615740889268724,-0.0626268986458992,,,0.379244222611977,-0.009096873776936451,0.08009727338966628,0.26362794710151105,-0.028445217484692323,-0.0752103805612503,0.08766711440105882,-0.0822985490983947,0.2507968331661368,-0.036774596119530205,0.03566678875395664,-0.016399706879437627,-0.03286892866643906,-0.01639970687943772,-0.33740250174700015,-0.034873665326208586,-0.08588267550021288,0.09427135807624519,-0.06963023046443052,0.3851662967931583,0.01639970687943763,-0.08588267550021284,-0.023209038039954492,-0.19258275336280367,0.01639970687943763,0.046615740889268724,-0.08588267550021284,-0.008005348851700471,-0.2967365834806135,0.028445217484692746,0.07989782536802367,-0.3106556621253918,0.08453966671737224,,0.2386273191728663,0.01639970687943769,-0.38333689430785034,0.08982700258324003,,-0.47944587810149253,0.04472139533793441,0.00909687377693662,0.18998856571473619,-0.0530645163362843,-0.2726188889121558,0.46994360850502165,0.058767300828732646,0.29848632167527694,0.23397589334103264,0.3642385009211554,0.0338840318987306,-0.33038871274316095,0.2872272410002183,0.11489141788361937,-0.2671027255639672,-0.036774596119530475,0.018380650898995907,-0.17415284497769998,0.16862541439679948,-0.07956664705363492,0.07980257055958583,-0.003523815428456961,0.009096873776936687,-0.18440847403246013,0.028445217484692677,0.01639970687943764,0.049478663346235255,0.05963609871355542,0.01639970687943765,-0.016399706879437967,,-0.24581936526611733,-0.3581619660613882,0.016399706879437655,0.1555949774383403,-0.028445217484692583,-0.02320903803995433,0.018380650898995713,0.17053766866309888,-0.10669252557965869,-0.03286892866643916,-0.08496052366423307,-0.10809852974163561,,0.06839273723785308,-0.036774596119530066,0.01964077823227028,0.1307644409295559,-0.1525862202935433,0.08701034922538774,-0.003523815428456961,,0.01639970687943766,-0.10083981356987008,0.3765859307086097,0.00017562227430596283,0.14462391474791159,-0.08588267550021285,-0.00826708524438233,-0.0626268986458992,0.050575657362829665,0.21056467541711946,0.113588509919651,0.020721942454591084,0.2414471058251827,0.4926475196640265
CBM4,-0.012741141004117556,0.07831519195637619,-0.013977173821723126,-0.1270462039781167,-0.0056657735317994454,-0.14007264650570467,0.046615740889268724,1.0,0.02706533005281951,,,0.03469095861604036,-0.008977387730502407,0.04828338077651451,0.03744663325501506,0.006944025859822401,0.029339425352097586,-0.03663274010795036,0.03326213353683367,0.03553092536345631,0.00897738773050251,-0.025348461020848163,0.004003484547995121,0.008023939024802447,0.004003484547995437,0.12202378605619704,0.027729144650950163,-0.004003484547995062,-0.05164436876403442,0.3485398513898594,-0.10712721336695379,-0.004003484547995073,-0.004003484547995064,0.005665773531799661,-0.008977387730502408,-0.004003484547995073,1.0,-0.004003484547995064,-0.049507918861343786,-0.015118717766373897,-0.0069440258598226605,-0.01950459917551043,0.13552366537804303,0.036905174612417393,,0.016757806430399536,-0.004003484547995062,0.2784469592429704,0.006944025859822632,,0.2193470506035691,0.029339425352097506,0.008977387730502218,0.03635912931290156,0.039045699142409206,-0.03580825438474803,-0.13392369354596237,-0.026388934672011918,-0.08550566083146545,0.04189274107768263,0.04563798250792069,0.03058310150306403,-0.023158340386825037,0.042146876012549114,-0.031493134260961946,-0.03717646268951169,0.008977387730502471,0.008023939024802477,-0.04112594781934865,0.029022604010252227,-0.033262133536833716,0.005220924828824185,-0.0935262549102099,0.00897738773050243,0.0940627193078354,-0.006944025859822656,-0.004003484547995072,-0.012078695407078868,-0.014558321161324028,-0.004003484547995073,0.004003484547995479,,-0.03690517461241737,-0.01669598540630875,-0.004003484547995065,-0.03798373303251364,0.0069440258598226995,0.0056657735317994845,0.008023939024802501,-0.04902968724559231,0.02604570195582548,0.00802393902480248,0.07614870083408207,0.02638893467201187,,-0.016695985406308757,0.008977387730502228,-0.012741141004117558,-0.07455677319484857,0.047344228008136965,0.03798373303251369,-0.0935262549102099,,-0.004003484547995074,0.15059567917917777,0.018610259673257315,0.41401173967581434,-0.03825071571344695,-0.004003484547995067,0.028381295812182517,0.02706533005281946,0.06673779886871843,0.013977173821723215,-0.027729144650950176,0.042416671871816775,0.03825071571344694,0.025348461020848076
CBM48,0.030303095015968156,0.30848858162086823,0.03324283329393328,0.2901810149621772,0.013475282442725472,0.28417958204717697,-0.0626268986458992,0.02706533005281951,1.0,,,-0.04238259369909214,0.0213515126553175,0.11019273976167641,0.7227707192927607,-0.016515434163670455,0.830185934402041,0.08712605910473309,-0.0583465588210121,0.7617400834895303,0.26108431056199893,0.06028791476172242,0.14791929528226927,0.05980350024494558,0.14791929528226916,0.22180372309014168,0.9518279522154,0.009521751043619105,-0.19309893541420117,0.019083862786884336,-0.24084583702205012,0.009521751043619058,0.009521751043619167,0.20933694585443383,0.021351512655317505,0.009521751043619058,0.0270653300528195,0.009521751043619167,0.11774794492999538,0.035957842460575117,0.016515434163670458,0.04638907315073714,-0.2737635484252166,0.733374935549359,,0.2786164009519853,0.009521751043619117,-0.061753577815382675,0.07451149366865274,,0.12339044440463076,0.04560034551135169,-0.021351512655317685,0.725066416778483,0.6383308944040939,-0.736282261017772,0.3064122244011532,-0.8990743011526398,-0.1797944005563165,0.6287206920232561,0.5767279689584763,0.7958869136177384,-0.20106239101181353,0.6249016382023406,0.07490219592987432,-0.7090362382235347,0.0492574431490116,0.1386908632767754,-0.07798300957676756,0.024144487653535173,0.07910952344650705,0.08906179479436858,-0.20606680920077014,0.04925744314901161,0.13311184678654597,0.016515434163670496,0.0095217510436191,0.02872755701168056,0.03462501429675812,0.009521751043619105,-0.00952175104361887,,-0.7142784484892749,0.039709161996487295,0.009521751043619152,0.07166735947227483,0.07451149366865283,0.09793083170585415,0.1386908632767754,0.10106100582051865,0.9367203168325802,-0.019083862786884346,0.3554273383047106,0.9243857970195782,,0.03970916199648735,-0.021351512655317578,0.03030309501596818,0.19357125461423563,-0.08077524234305813,0.7125505549876263,-0.20606680920077014,,0.009521751043619084,-0.1904753547576696,-0.009411190771004486,0.048434402110106495,0.09097419707691606,0.009521751043619176,0.9298853436204509,0.900988720233952,0.4055472387703459,0.012562698628521286,0.06595005147480208,0.13174691566083058,0.6890061282492012,0.09711003161129328
CBM5,,,,,,,,,,,,,,,,,,,,,,,,,,,,,,,,,,,,,,,,,,,,,,,,,,,,,,,,,,,,,,,,,,,,,,,,,,,,,,,,,,,,,,,,,,,,,,,,,,,,,,,,,,,,,,,,,,,,,
CBM50,,,,,,,,,,,,,,,,,,,,,,,,,,,,,,,,,,,,,,,,,,,,,,,,,,,,,,,,,,,,,,,,,,,,,,,,,,,,,,,,,,,,,,,,,,,,,,,,,,,,,,,,,,,,,,,,,,,,,
CBM63,-0.24544059883924774,0.21238843849846947,0.042608966963609364,0.2416299405198309,-0.07302470083564734,0.0797498328278824,0.379244222611977,0.03469095861604036,-0.04238259369909214,,,1.0,-0.029862531035130212,0.13619155793806903,0.3449181429944477,-0.02116864054418388,0.0040774253948345504,0.11167373554589706,0.05006020816894172,0.3383157662817123,-0.027367279115752773,-0.007775244858353698,-0.01220449448655515,-0.024460721257859867,-0.012204494486555181,-0.08244929822282242,-0.005966923045673358,-0.11540426404198459,0.02330673230252963,-0.039478884677207754,0.28831485457850836,0.012204494486555095,-0.11540426404198455,-0.01727192924112701,-0.258781771638662,0.012204494486555095,0.03469095861604036,-0.11540426404198455,-0.11208274917540383,-0.4013900156368998,-0.052610297823045105,-0.2649049429737177,0.019818298391439643,0.15062245746236955,,-0.08175427213726437,0.0122044944865551,0.11027225537652281,0.12638923619027398,,-0.1336660860323231,-0.0146261194808258,0.029862531035130452,0.2650283326884822,0.0587645956326387,-0.366409447111784,0.16293218403867935,0.01889957453366411,-0.037472940346533985,0.2939671940246495,0.5088698240802085,0.21365576356117996,-0.4599541272834964,0.36130052338503393,-0.1153258666241308,-0.3637379229014532,0.029862531035130226,0.03947888467720765,-0.23084240871074546,0.25135036636276537,-0.16786146398777027,0.11415486275068955,-0.08149540432936454,-0.02736727911575289,0.031389244461151405,0.021168640544183794,0.012204494486555148,0.03682151628992726,0.0443805760249175,-0.11540426404198459,-0.012204494486555077,,-0.33635895219700424,-0.4812777182406519,-0.11540426404198456,0.10065832472587552,-0.021168640544183836,-0.017271929241126985,-0.024460721257860033,0.1242590937691346,-0.03788990303832551,-0.02446072125786001,0.07126260741527854,-0.03941499055417586,,0.05089717704566763,-0.027367279115752634,-0.0017706908457101583,-0.14145554103746918,-0.05404112819493252,0.14148358732351338,-0.08149540432936454,,0.012204494486555091,0.027367279115752773,0.5082112975364051,0.06208074447698549,-0.048966933289226765,-0.11540426404198456,0.028966156062256714,0.017805204143892885,0.26454229416633757,0.25440059687096145,0.08453140981370581,0.0636291760896721,0.39516505697220417,0.5605951542873001
CBM67,-0.010051332566855632,0.06178191098711516,-0.011026423958536032,0.03648486389762306,-0.004469660448636452,0.02917242834191003,-0.009096873776936451,-0.008977387730502407,0.0213515126553175,,,-0.029862531035130212,1.0,-0.041485090072817796,0.029541197623791694,0.005478058303205858,0.023145519026833275,-0.02889912713007464,0.02624009623265552,0.02802991875851701,0.00708215297450426,-0.019997095369730464,0.0031583007051850494,0.006329988782668446,0.003158300705185038,-0.0735708014039815,0.02187518799070456,-0.0031583007051850117,0.045087392843121736,-0.00632998878266846,0.050138676794431694,-0.003158300705185012,-0.003158300705185013,0.004469660448636491,0.19433427762039635,-0.003158300705185012,-0.008977387730502408,-0.003158300705185013,0.005021511487939637,-0.011926974217233977,-0.005478058303205891,-0.015386943197074489,-0.03161117448534528,0.02911404742694599,,-0.04974274056425972,-0.0031583007051850117,-0.032240925722118605,0.005478058303205885,,-0.0409277795429648,0.023145519026833282,0.00708215297450424,-0.02643512998719953,-0.021341857846906283,-0.0282487002807169,0.06703360318703727,-0.02081791249211519,0.028728066337539652,-0.016419974999793415,0.03600325431758467,-0.039406845581723415,-0.018269335599472417,-0.01600115944462051,0.037136070228322916,-0.02932806332108111,0.007082152974504257,0.006329988782668523,0.2182901113899383,-0.04354833240756669,-0.026240096232655538,-0.029541197623791683,0.06203396377823837,0.007082152974504251,-0.06151136640408431,-0.00547805830320589,-0.0031583007051850117,-0.009528737219929228,-0.011484884090072471,-0.003158300705185012,0.0031583007051850954,,-0.02911404742694597,-0.013171261647284513,-0.0031583007051850134,0.02329771687539793,0.005478058303205834,0.004469660448636515,0.006329988782668537,0.005677068655953543,0.02054714033936207,0.006329988782668504,0.024479662843443575,0.020817912492115176,,-0.013171261647284506,0.007082152974504261,-0.010051332566855649,-0.012468598608132705,-0.053438216106348226,-0.023297716875397858,0.06203396377823837,,-0.003158300705185013,-0.00708215297450424,0.014681409543383919,-0.016065365040401344,-0.030175528583496283,-0.003158300705185012,0.022389662181304126,0.0213515126553175,0.015215458441035192,0.011026423958536027,-0.021875187990704613,-0.043699564789229955,-0.022799288263086134,0.0199970953697305
CBM91,0.03147200345511063,0.01991906295253202,0.2657924555347865,0.06824705248671525,0.04077973191467153,0.051689647142420955,0.08009727338966628,0.04828338077651451,0.11019273976167641,,,0.13619155793806903,-0.041485090072817796,1.0,0.15034754186463273,-0.022623753471472174,0.10783925724059114,0.015442439654629044,-0.033490002362957634,0.1523617889661655,-0.0009550524333309209,0.3243551696006385,0.018500361359508267,-0.010336811129762815,0.01850036135950777,0.01278410782960182,0.1281381731545734,-0.01850036135950821,0.005494146129876179,-0.037079141859020615,0.05111730718268669,-0.01850036135950822,-0.018500361359508208,-0.04077973191467186,-0.04148509007281785,-0.01850036135950822,0.04828338077651451,-0.018500361359508208,0.1427225432586915,-0.06986457387737584,0.022623753471472476,0.01009298144847369,-0.05236225334544923,0.11315063268657459,,0.060381610298562045,-0.018500361359508208,0.04468736646712885,0.032088793189129036,,0.003715855604714908,0.03848893895363352,-0.0009550524333312708,0.15640397703298717,0.14747082025153604,-0.16547226243268298,0.06518785109654102,-0.12194497605071737,-0.09849999655193666,0.17274214354759834,0.21089607265707502,0.14132649258870061,-0.10701619064754862,0.18438598480444954,0.12872484472749843,-0.16038251493977623,-0.0009550524333311942,-0.10516871710732979,-0.10551487675699064,0.050113569448195845,0.05844953242591655,0.008522886131179762,-0.17463325029840418,0.041485090072818046,0.10580933032089744,0.13204884679267628,0.07613098343624962,0.0076295844605498535,0.27684365804469363,0.07613098343624959,-0.07613098343624994,,-0.17054120184062974,-0.07715322978440713,-0.018500361359508208,0.08260106504834407,-0.022623753471472663,-0.10774137023183433,-0.010336811129762714,0.06316232155334807,0.10496765953537687,0.03707914185902062,0.07439648121742526,0.1067312757573221,,0.15499212094226877,0.04148509007281787,-0.028761090640673108,0.022136736216333167,-0.07772951709849177,0.11941086510428463,-0.17463325029840418,,-0.018500361359508225,0.0433951949394799,0.08599921513921313,0.09843894225553985,-0.06513662259045862,-0.01850036135950821,0.11687828164249421,0.11019273976167639,0.11909996679507122,0.06458942538345336,0.11947271396282536,0.9233112671947531,0.14327231086057463,0.11713687992824927
CE1,0.04192629032567897,0.3649438435341148,0.04599360821708693,0.37236824428437226,-0.0663293454075956,0.20883505068332162,0.26362794710151105,0.03744663325501506,0.7227707192927607,,,0.3449181429944477,0.029541197623791694,0.15034754186463273,1.0,-0.02285017049366784,0.6074907508680465,0.10589373625446137,-0.030270007092590805,0.9338309404335645,0.18588230504816639,0.06340342298668025,0.10691173544844393,0.03376634370221262,0.10691173544844397,0.12523515709977348,0.7035312770250284,-0.10691173544844382,-0.16282490734836902,0.02640375748142935,-0.05252409031218874,0.013173957922557085,-0.1069117354484438,0.15130261492975872,-0.1858823050481661,0.013173957922557085,0.03744663325501506,-0.1069117354484438,-0.04923161553358314,-0.37134820577352606,0.022850170493667794,0.038745490492297106,-0.14964222609748942,0.7233606874468621,,0.1805512172588129,0.013173957922557036,-0.00022736077909783086,0.11600855789092876,,0.07917946625788494,0.06186305568130596,0.024314678044197742,0.8383176907414023,0.5268224517045286,-0.9264121018315828,0.36681503045484853,-0.7047078035640969,-0.2283134140390641,0.708688299162306,0.7209564922408721,0.7317719150010292,-0.5967283099604066,0.7699599593834302,0.08705929537073978,-0.8914107383183659,0.07817055371218737,0.09393644488585455,-0.33396860568614395,0.20652216388351755,-0.14393288140715338,0.10882245716368938,-0.2914407903863218,0.02431467804419781,0.18944334873130378,0.02285017049366781,0.013173957922557036,0.03974643167585831,0.04790594495947358,0.01317395792255711,-0.013173957922556889,,-0.883581699526214,-0.3869430255510678,0.013173957922557043,0.11074847646375054,0.04657919369863048,0.06632934540759576,0.09393644488585445,0.11389757114369307,0.6760106752399189,-0.02640375748142938,0.35851737302104164,0.6854018563389556,,0.054940191870726546,-0.029541197623791874,0.003708864144194694,0.0177598064073722,-0.1315167185715811,0.6725431082920762,-0.2914407903863218,,0.013173957922557095,-0.13202642938017675,0.44381702292471553,0.06701212544622731,0.08337455363012373,-0.1069117354484438,0.721687394049868,0.685011067474754,0.3308915306302519,0.16363110615694362,0.09124615831052905,0.1602730118476444,0.8231668294965536,0.6168958878344508
CE11,0.007774724158652013,0.04318230845646693,0.008528959136886373,0.03346376570767407,0.003457290547282808,0.04045731821378878,-0.028445217484692323,0.006944025859822401,-0.016515434163670455,,,-0.02116864054418388,0.005478058303205858,-0.022623753471472174,-0.02285017049366784,1.0,0.23667900023564054,0.02235352779024009,-0.020296762518643593,-0.02168119352209144,-0.005478058303205756,0.015467789911417342,-0.002442951382771254,0.5753103058991218,-0.00244295138277035,-0.030670736525571562,-0.016920497995181662,0.0024429513827704773,0.03151371775560045,0.004896257922545583,0.02197300757803953,0.002442951382771115,0.0024429513827705475,-0.0034572905472826823,0.0054780583032062145,0.002442951382771115,0.0069440258598223795,0.0024429513827705475,0.03021004262424258,0.009225536412169494,0.004237288135593143,0.011901828758166711,-0.03805210231590553,0.1881585965315074,,-0.04501273257582427,0.0024429513827705306,-0.10496058233819047,-0.004237288135593408,,-0.07867872658747145,0.06695759915894842,0.25418190526875417,0.048870414986540316,0.043397230604913614,0.02185042143041091,0.03719718025319805,0.01610269345965783,0.04090377200392443,0.03821027683416293,-0.027848583187471253,-0.018662000367591552,0.014131364563154116,0.03777373565608084,0.019217308064579147,0.022685310719971145,-0.0054780583032062145,-0.004896257922545575,0.02509531131907427,-0.017709775009363483,-0.05605772505149258,0.022850170493668262,0.05707030738327665,-0.005478058303205731,-0.05739766132364393,0.00423728813559297,0.0024429513827705497,0.0073704957001944505,0.00888357888871847,0.00244295138277126,-0.002442951382770792,,0.02251976903369224,0.010187995019361452,0.0024429513827706126,-0.04548665258813238,-0.004237288135593127,-0.0034572905472830427,-0.004896257922545469,0.029918222692635967,-0.015893250703336904,-0.004896257922545622,-0.0005808301860808786,-0.01610269345965771,,0.010187995019361564,0.2541819052687538,0.007774724158651803,0.018335520667317015,-0.028889744894012182,0.1828157820580367,0.05707030738327665,,0.002442951382771114,0.005478058303205806,-0.011356097184208198,0.012426589297128804,0.02334082665335548,0.00244295138277054,-0.0173184447243394,-0.01651543416367053,0.10404936898626886,-0.008528959136886219,-0.07219412477944172,-0.019251295601649353,0.04495270318423993,-0.015467789911417406
CE12,0.03284923525497151,0.2939163171787361,0.03603597754086804,0.3052113432217428,0.014607508667184743,0.33831180924621135,-0.0752103805612503,0.029339425352097586,0.830185934402041,,,0.0040774253948345504,0.023145519026833275,0.10783925724059114,0.6074907508680465,0.23667900023564054,1.0,0.09444660391494006,-0.08575649930258367,0.6606204847921534,0.17433204931010832,0.0164415529056486,0.13645408865204128,0.27348657748093386,0.1364540886520416,0.15163346544749948,0.8321591542461494,0.010321791879882082,-0.13332714780155494,0.02068733566421591,-0.15285917610443742,0.010321791879882112,-0.13645408865204114,0.0892518779564993,0.02314551902683323,0.010321791879882112,0.029339425352097583,-0.13645408865204114,0.12764141556354758,0.0389791084252686,0.017903101379397896,0.019196438028734466,-0.30413564954390365,0.6703747488979244,,0.256633625553085,0.010321791879882091,-0.15807529869662146,0.23667900023564067,,0.007887788628740917,0.010408472012102802,0.3059837615347363,0.6448126412339639,0.632121248806437,-0.6370143008873996,0.3114208535272202,-0.8286453431481027,-0.105318039979347,0.6033437720920127,0.5059763264407028,0.7724614213871223,-0.2056155665095349,0.5673575249226069,0.06093948092876992,-0.6121851707951483,0.042680337085480545,0.052856142622071695,-0.0906334556677647,-0.07482613578615538,0.04704356533170315,0.09654498485678017,-0.14725291688275813,0.04268033708548071,0.09014298107847585,0.01790310137939792,0.010321791879882096,0.03114131668993002,0.03753429277575798,0.010321791879882056,-0.010321791879881996,,-0.6169661155957434,0.04304562301352481,0.010321791879882093,0.08052272590195023,-0.017903101379397823,-0.014607508667184755,0.126399620908359,0.1264084378540071,0.863865080845854,-0.02068733566421588,0.30386470100420765,0.8522422207105143,,0.04304562301352489,0.17433204931010834,0.032849235254971555,0.21700894647244742,-0.10722763625031345,0.650571722527371,-0.14725291688275813,,0.01032179187988204,0.023145519026833244,0.016998985961575123,0.05250397916484725,0.08130512146806823,0.010321791879882027,0.834511446817155,0.853261981134121,0.40292116048939036,0.13477455600284632,0.04890007401240255,0.11591790876157224,0.628525844664203,0.056926297194243504
CE2,-0.041015032959882375,-0.4677603309502946,-0.04499394872081818,-0.4089746940173116,-0.01823870311731771,-0.45090814169255344,0.08766711440105882,-0.03663274010795036,0.08712605910473309,,,0.11167373554589706,-0.02889912713007464,0.015442439654629044,0.10589373625446137,0.02235352779024009,0.09444660391494006,1.0,0.1070742018229266,0.11437767421350438,0.02889912713007472,-0.08159928250667589,0.012887625263493394,0.025829878459394637,0.01288762526349322,0.39280701825426473,0.08926294602975664,-0.01288762526349345,-0.166248492687166,-0.025829878459394294,-0.34485343076620945,-0.012887625263493446,-0.012887625263493449,0.018238703117317543,-0.028899127130074632,-0.012887625263493446,-0.03663274010795035,-0.012887625263493449,-0.15937104245349637,-0.048668695158352704,-0.022353527790239535,-0.06278729493648372,0.43626450727828636,0.11880152277016194,,-0.16382787929658366,0.10928706223442453,-0.13156092710635373,0.02235352779023938,,-0.16700812710792998,0.09444660391494003,0.028899127130074784,0.1170437472342039,0.12569208964487721,-0.11527042463085999,-0.43111403469451387,-0.08494867335656756,-0.4536505160412041,0.13485700813810095,0.14691332245518493,0.09845012434586732,-0.07454906071244678,0.13567509442459882,-0.1013796126505404,-0.11967482677174614,0.02889912713007447,0.02582987845939462,0.1540888444174421,0.09342672368804456,-0.10707420182292648,0.9636144546027686,0.373210570934566,0.028899127130074902,0.30279749132830824,-0.022353527790239563,-0.012887625263493447,-0.03888255298906264,-0.0468647213055165,-0.012887625263493444,0.012887625263492984,,-0.11880152277016189,-0.05374608063093934,-0.012887625263493446,-0.12227351237730237,0.0223535277902396,0.01823870311731772,0.02582987845939446,-0.15783156608507926,0.0838437722207314,0.025829878459394308,0.245130437968841,0.08494867335656779,,-0.053746080630939344,0.028899127130075187,-0.041015032959882416,-0.3259726951170307,0.14005711501045584,0.12227351237730236,0.373210570934566,,-0.012887625263493446,-0.02889912713007463,0.059908324823023634,-0.06555563376913862,-0.12313295686933469,-0.012887625263493444,0.09136228716130317,0.08712605910473313,0.1944693519323043,0.04499394872081811,-0.08926294602975669,0.0008030239522665828,0.12313295686933472,0.08159928250667617
CE4,-0.046817518949752876,-0.08365723430730022,-0.07441268096014474,-0.1914606544195317,-0.07688824940778194,-0.21692747336804857,-0.0822985490983947,0.03326213353683367,-0.0583465588210121,,,0.05006020816894172,0.02624009623265552,-0.033490002362957634,-0.030270007092590805,-0.020296762518643593,-0.08575649930258367,0.1070742018229266,1.0,-0.05432990159221626,0.03298754954962407,-0.16795878081168905,-0.011701824958323753,-0.023453251491009693,-0.01170182495832355,0.15272980059564817,-0.06072302008930923,-0.12036162814275571,0.06261706001439866,0.02345325149100965,-0.10262020891698422,0.01170182495832367,0.011701824958323425,0.07688824940778213,0.026240096232655562,0.01170182495832367,0.03326213353683366,0.011701824958323425,0.14470719035407648,0.04419065111291668,-0.05605772505149283,-0.026911641386829506,0.20470031818607196,-0.011760318035070976,,-0.15213411307849287,0.01170182495832338,0.11945590509325459,-0.020296762518644013,,0.11389047311000786,0.3594422413625442,-0.026240096232655042,-0.07385869952770514,0.23854109099472767,0.0554471611908984,-0.22805477912410918,0.07713248063444202,-0.20517377327929326,-0.07880909531333671,-0.07865149934438578,-0.052026887839136705,-0.027801144997706216,-0.07974451376617274,0.0009228230233193045,0.04495723606445928,0.09221519533190356,0.10889009620825961,0.061223666878438256,0.26685733324571753,0.07980599647266311,0.10945313822883812,-0.12600495507243092,-0.02624009623265551,0.06428243567859969,-0.1324122126216296,-0.12036162814275565,0.03530493940568024,0.042552662280708774,-0.1203616281427557,0.1203616281427558,,0.07583377491580291,0.01640365124234916,-0.12036162814275568,-0.06126092330738753,0.05605772505149266,0.0768882494077822,0.04271842235862491,-0.07842390222926014,-0.05464992036627348,-0.02345325149100965,0.04954961216899934,-0.05590089188837596,,0.04880086244598854,-0.02624009623265501,-0.21493497336022915,-0.2590920195553225,0.15527948778820935,0.09258527891440112,-0.12600495507243092,,0.0117018249583236,0.026240096232655552,0.03330374315143975,0.059523809523809534,-0.07512715162499282,-0.12036162814275565,-0.06303645357437289,-0.058346558821012036,-0.051971842743043735,-0.04085402091929514,0.06072302008930918,-0.007505823101218427,-0.03391566949999686,0.01392693041556293
