,AA10,AA3,CBM0,CBM13,CBM18,CBM3,CBM32,CBM4,CBM48,CBM5,CBM50,CBM63,CBM67,CBM91,CE1,CE11,CE12,CE2,CE4,CE8,CE9,GH0,GH1,GH102,GH103,GH104,GH105,GH106,GH108,GH113,GH12,GH121,GH127,GH13,GH140,GH146,GH148,GH15,GH153,GH154,GH16,GH18,GH19,GH2,GH23,GH24,GH25,GH26,GH28,GH3,GH30,GH31,GH32,GH33,GH36,GH37,GH38,GH39,GH4,GH42,GH43,GH5,GH51,GH53,GH65,GH68,GH73,GH77,GH78,GH8,GH88,GH91,GH94,GT0,GT1,GT101,GT102,GT11,GT111,GT14,GT19,GT2,GT20,GT21,GT24,GT25,GT26,GT28,GT30,GT32,GT35,GT4,GT41,GT5,GT51,GT52,GT56,GT73,GT8,GT81,GT83,GT84,GT9,GT97,PL0,PL1,PL10,PL11,PL17,PL2,PL22,PL26,PL3,PL35,PL38,PL4,PL9
AA10,1.0,0.06264642288224985,0.07707246709435604,0.07603426757301124,-0.006343557360579472,0.09096095006385592,0.0521922778200189,-0.012741141004117553,0.03030309501596808,,,-0.24544059883924735,-0.010051332566855632,0.03147200345511063,0.04192629032567904,0.007774724158651983,0.03284923525497147,-0.04101503295988245,-0.04681751894975296,0.03978141057924862,0.010051332566855723,0.02472120604578584,0.004482412459633756,0.008983824922748292,0.004482412459633691,-0.056207935736275846,0.031046320271336598,-0.004482412459633639,0.0030838650246487877,-0.008983824922748185,-0.1199426025516551,-0.004482412459633641,-0.004482412459633641,0.006343557360579523,-0.010051332566855633,-0.004482412459633641,-0.012741141004117553,-0.004482412459633641,-0.055430440581006615,-0.016927336193570924,0.1764862384014007,0.6532377768682938,-0.09401414113598655,0.04132005819542851,,0.08259093273939265,-0.004482412459633641,-0.045757874457518256,0.007774724158651954,,-0.0580866757453918,0.032849235254971444,0.010051332566855798,0.0407086907167404,0.043716648892448196,-0.04009191585173146,0.09513731787680149,-0.029545783966999875,0.09041107969588887,0.0469042760933973,0.05109755238807981,0.03424168960517825,-0.025928720905473896,0.047188812622717485,0.36058590319488665,-0.04162379985905653,0.010051332566855779,0.00898382492274833,-0.046045753070786725,0.032494513283863415,-0.03724120825548519,-0.04192629032567899,-0.10471459182285144,0.010051332566855666,0.05716145082029037,-0.0077747241586520206,-0.004482412459633641,-0.013523642751643427,-0.01629990059473242,0.3142171134203184,0.004482412459633649,,-0.04132005819542838,-0.01869328883724019,-0.004482412459633638,-0.004731200189136022,0.007774724158652191,0.006343557360579427,0.00898382492274822,-0.023418914975129202,0.029161491087848223,0.008983824922748471,0.08525819977862537,0.029545783966999882,,0.05948864271145253,0.01005133256685559,-0.014265335235378056,0.12582352317931794,-0.011417088786984561,0.04252764214953752,-0.10471459182285144,,-0.00448241245963364,-0.010051332566855637,0.020836563457751176,-0.02280073974825626,0.25791108164075593,-0.004482412459633641,0.031776486818909974,0.03030309501596809,-0.19091341368900946,0.015649231897331157,-0.03104632027133663,0.025588601475918585,0.04282656337208124,0.02838084077763934
AA3,0.06264642288224985,1.0,0.05041292374653357,0.5570157746059567,-0.07234577851709091,0.49298100678951184,0.1452481014233817,0.078315191956376,0.3084885816208682,,,0.2123884384984696,0.06178191098711515,0.019919062952532013,0.3649438435341141,0.04318230845646702,0.29391631717873623,-0.4677603309502956,-0.0836572343073002,0.394687410408045,0.07934881579790927,0.1089047892977147,0.05112015239936001,0.023618332656935557,0.05112015239935995,-0.2507057379150819,0.3056353830774358,-0.05112015239935993,-0.10315089590912094,-0.023618332656935657,0.25960657449808794,0.02755177044900571,-0.051120152399359936,0.07234577851709086,-0.07934881579790941,0.02755177044900571,0.078315191956376,-0.051120152399359936,-0.09939844617539101,-0.17182848510840895,0.0023030564510115406,0.017578526375212396,-0.44128700926077796,0.2994767480871358,,0.24864272000370255,-0.051120152399359936,0.14887673723011563,0.08866767336394574,,0.057186779929654354,-0.0981342843485368,0.008783452405397013,0.35805890717761774,0.20627342735643533,-0.3790477576251091,0.5223609801805875,-0.31166218478700775,0.4490620082497613,0.37894470145732534,0.48491197125125884,0.31260763846366546,-0.26726428666086943,0.41738742103290877,-0.18498674300975398,-0.39880182701749806,-0.02649922929085918,-0.01580099720006277,-0.25281882277106416,0.10288630866334528,0.05253201526361061,-0.46871877809927964,-0.33179713554062473,0.008783452405397041,-0.2610103246081043,0.04778842135849015,-0.051120152399359915,-0.022366953765824912,-0.07586182084120943,-0.051120152399359936,-0.027551770449005645,,-0.34718849136264723,-0.21318961224801572,0.02755177044900566,0.04680828990504386,-0.002303056451011804,0.01667711128153702,0.02361833265693555,0.21310029790114005,0.31977983219673806,-0.05522032705706103,0.1742628621498649,0.311662184787008,,-0.15529128745491455,-0.06178191098711528,0.08768386339336824,0.20088453387846802,0.16718808649275585,0.37304907917594265,-0.33179713554062473,,-0.05112015239935991,0.061781910987115086,0.22021816708372843,-0.01992464293212669,0.2446799222903132,0.027551770449005676,0.3030667548182218,0.3208573506691081,0.1702125085507848,0.15558471294188805,0.1787215931134857,-0.036895967843761424,0.3492239121311089,0.21880515310399104
CBM0,0.07707246709435604,0.05041292374653357,1.0,0.06567309187506172,-0.00695895319330009,0.05448041271933352,-0.0022600859615433417,-0.013977173821723149,0.033242833293933294,,,0.04260896696360945,-0.01102642395853605,0.26579245553478675,0.04599360821708693,0.00852895913688648,0.03603597754086806,-0.044993948720818244,-0.07441268096014472,0.043640651206968195,0.011026423958536043,0.06595513066999817,0.004917256474024424,0.009855356163831812,0.004917256474024629,-0.004369804629453722,0.03405815969049564,-0.004917256474024571,-0.007752787019190824,-0.009855356163831788,0.021284736821633527,-0.004917256474024571,-0.004917256474024571,0.006958953193300098,-0.011026423958536048,-0.004917256474024571,-0.013977173821723149,-0.004917256474024571,0.11075708559555592,-0.01856947664575921,-0.008528959136886631,0.037757385053896704,-0.05820277651838318,0.009990177112085642,,0.02058267770799801,-0.0049172564740245705,0.015169392480869836,0.008528959136886605,,-0.008199487484461953,-0.04936928923098912,0.011026423958536126,0.04465788786253669,0.04795765153807799,-0.04398127895487949,0.0595570837044561,-0.03241205462465085,0.03111403281092093,0.0514545141386978,0.05605458501416702,0.03756351549726953,-0.028444096094190834,0.051766653885652235,0.0015268917595297588,-0.04566177280061755,0.011026423958536088,0.009855356163831893,-0.05051270480520847,-0.0074567376879213715,0.18967938283958477,-0.045993608217086944,-0.09284644203117616,0.011026423958535909,0.07151095514994266,-0.008528959136886633,0.28643018961193145,-0.014835586968350802,0.06361571090229999,-0.004917256474024571,0.00491725647402429,,-0.0453285648070747,-0.020506746396837198,-0.004917256474024567,0.057004498342900216,0.008528959136886689,0.006958953193299993,0.009855356163831744,0.14120233072041646,0.03199048104904902,0.00985535616383193,-0.02192090538231494,0.03241205462465089,,0.05096529619213961,0.011026423958535987,-0.01564923189733118,0.09429576497649718,-0.03019340997738757,0.01210069913672818,-0.09284644203117616,,-0.004917256474024571,-0.011026423958536057,0.022857942565915827,-0.02501266586895621,0.021750563792795823,-0.004917256474024574,0.0348591605389238,0.03324283329393333,0.057686606377940396,0.017167381974248955,0.23500130186442048,0.2523234272862499,0.04698121779243898,0.03113409894981274
CBM13,0.07603426757301124,0.5570157746059567,0.06567309187506172,1.0,-0.009328789710486608,0.9010770608768272,0.5126430234091404,-0.12704620397811675,0.29018101496217713,,,0.24162994051983136,0.03648486389762312,0.06824705248671536,0.3723682442843719,0.0334637657076741,0.3052113432217428,-0.40897469401731235,-0.19146065441953183,0.38714787033236786,0.06604769828107257,0.12333477642904864,0.04469564283737472,0.051396144625303564,0.04469564283737462,-0.5627737124549004,0.2978436695757179,-0.044695642837374684,0.1589131924039059,-0.08958074110241,0.5404758269334722,-0.04469564283737469,-0.04469564283737469,0.009328789710486491,-0.1002252190073045,-0.04469564283737469,-0.12704620397811675,-0.04469564283737469,0.19522088268688975,-0.16878816474596528,-0.03346376570767404,0.13738120555857736,-0.825795073945275,0.3103382174786312,,0.3900812073894893,-0.0446956428373747,-0.45626716241945864,0.07752439055611145,,-0.4557568028805618,-0.05221960597431912,0.06604769828107264,0.3404503492477279,0.21470863759176084,-0.3997699827296855,0.9427857875543776,-0.29461095323815617,0.6403864605415098,0.4593041877319623,0.5095108877125326,0.33065467407532384,-0.2585440004143997,0.4705355283340351,0.18478383698321313,-0.3782830171150383,-0.002307343171391204,-0.024973048328909456,-0.21237093191833747,-0.014224064586733804,0.06080943044022337,-0.4180611478234609,-0.17991927813893366,0.03187017755484076,-0.41797402214674334,0.05465748398920093,0.03151203595728576,0.09507324917129675,0.11459076072695312,-0.044695642837374705,-0.03151203595728563,,-0.3657989370029008,-0.18639707274806597,0.031512035957285724,0.262824082915784,-0.010596859140763644,0.009328789710486568,0.01321154814819706,0.3482871987310885,0.29077903963667756,-0.06315764480601581,-0.14036454402304213,0.28235919048724517,,0.13141664121806101,0.06604769828107251,0.07603426757301127,0.5225005009678731,-0.25711344841736405,0.2613749658016228,-0.17991927813893366,,-0.0446956428373747,-0.1002252190073045,0.2077683851392075,-0.22735384782044069,0.30107720274771527,-0.044695642837374684,0.31685404194165334,0.30216235652071993,0.16705183133103116,0.15604375676296733,0.1830714080692225,0.003064293882555002,0.4000708408393668,0.2829949127272957
CBM18,-0.006343557360579472,-0.07234577851709091,-0.00695895319330009,-0.009328789710486608,1.0,-0.014645263102314848,-0.04916651479516647,-0.005665773531799444,0.013475282442725521,,,-0.07302470083564726,-0.004469660448636459,0.04077973191467155,-0.06632934540759557,0.003457290547282747,0.014607508667184773,-0.018238703117317734,-0.07688824940778213,-0.07088510542700709,0.004469660448636515,0.10544749798784399,0.0019932542826574563,0.003994957550911466,0.0019932542826575188,-0.046431713970832775,0.013805782354677757,-0.001993254282657496,-0.025712690527457234,-0.003994957550911443,-0.00022410286061504082,-0.001993254282657496,-0.001993254282657496,0.0028208744710860613,0.3133231974494157,-0.001993254282657496,-0.005665773531799444,-0.001993254282657496,-0.0246489951722813,-0.0075273049202116875,-0.0034572905472827513,-0.009710946894393207,0.012833988434504244,-0.06757406320340084,,0.0367268143826565,-0.0019932542826574954,-0.020347765862494243,0.0034572905472827495,,-0.02583017877928672,0.014607508667184793,0.004469660448636544,-0.06886280412424454,0.01944006679729517,0.07019857014131972,-0.012185962557684319,-0.013138518812592485,0.04020430369280377,-0.05719360203657916,-0.05071189016223464,-0.085015797285409,0.11656181169110455,-0.05672259197836819,-0.01567979693375027,0.06694637844311087,0.0044696604486365475,0.00399495755091149,-0.020475780694674522,-0.09038478397302895,-0.01656054602629154,-0.018643924114567428,0.007007329942470987,0.004469660448636454,-0.0067010321416487795,-0.003457290547282751,-0.0019932542826574962,-0.006013739046684346,-0.007248294743049451,-0.0019932542826574962,0.0019932542826573184,,0.06757406320340088,-0.008312594694783598,-0.001993254282657495,-0.018911335270743748,0.0034572905472827725,0.0028208744710860115,0.0039949575509114765,-0.02441089328759279,0.012967630159649027,0.003994957550911543,0.037912903680957406,0.013138518812592504,,-0.008312594694783603,0.004469660448636348,-0.0063435573605794765,0.002767660764859309,0.02357173709677271,-0.06512591083862389,0.007007329942470987,,-0.0019932542826574962,-0.004469660448636459,0.009265673277961108,-0.010139109812015224,-0.019044260567640994,-0.0019932542826574962,0.014130475276427083,0.013475282442725537,-0.025834307566700222,0.006958953193300121,-0.01380578235467781,-0.02757949695017995,-0.06453888303478325,-0.10544749798784384
CBM3,0.09096095006385592,0.49298100678951184,0.05448041271933352,0.9010770608768272,-0.014645263102314848,1.0,0.36702282354613414,-0.14007264650570503,0.2841795820471772,,,0.07974983282788242,0.029172428341910077,0.051689647142420976,0.20883505068332145,0.04045731821378862,0.3383118092462118,-0.450908141692554,-0.21692747336804855,0.20376629210197839,0.07558310979494857,0.11610103257268165,0.049278426143162926,0.05975326856686377,0.0492784261431629,-0.5708256496165582,0.2813951069132171,0.028581487163034505,0.19758017091617497,-0.09876573316836977,0.5430335754112362,0.028581487163034505,-0.049278426143162926,0.014645263102314843,-0.07558310979494882,0.028581487163034505,-0.14007264650570503,-0.049278426143162926,0.3228784990117618,0.08693273528619987,0.0045585710663423795,0.12275386859688038,-0.9134899094071888,0.2181650655517524,,0.4276991412585519,-0.04927842614316293,-0.5030496540042253,0.08547320749391962,,-0.4902110824643246,-0.12957544530053444,0.07558310979494888,0.16087259367969706,0.1642080661474413,-0.20862623088806312,0.9022143856670621,-0.2997835521261184,0.7029064663893089,0.2669453553714282,0.36003236362124286,0.3764438430023016,-0.045786689700558277,0.2711711518039748,0.2033437786223593,-0.185298593373737,0.005746084370376119,-0.0572841252376547,-0.07153031166957839,-0.10352549431801712,0.1861235122007461,-0.4609262578749038,-0.10930847779819967,0.040664597082662506,-0.45389015934373994,0.049574460346473434,0.02858148716303446,0.08623164985025769,0.10393407652743308,0.02858148716303449,-0.028581487163034394,,-0.18983349265544278,0.11919518780298587,0.02858148716303447,0.2619378040527519,-0.00455857106634255,-0.04044882190163162,0.020740803965357584,0.3500304197050728,0.30793007516099047,-0.057284125237654596,-0.22893687105631957,0.2997835521261187,,0.1191951878029857,0.07558310979494848,0.06618193263266757,0.6352684442368123,-0.2671705712437934,0.19975533562077336,-0.10930847779819967,,-0.04927842614316289,-0.005746084370376239,-0.08115676851117666,-0.2506651451227132,0.2638937301303268,-0.0492784261431629,0.2906228731441164,0.3086617924961709,0.13357066625118558,0.14939102645669852,0.1620107677538087,-0.01119837990622122,0.23204047812340617,-0.012316234007003053
CBM32,0.0521922778200189,0.1452481014233817,-0.0022600859615433417,0.5126430234091404,-0.04916651479516647,0.36702282354613414,1.0,0.04661574088926874,-0.06262689864589926,,,0.37924422261197743,-0.009096873776936474,0.08009727338966638,0.26362794710151094,-0.028445217484692677,-0.07521038056125019,0.0876671144010589,-0.0822985490983949,0.2507968331661367,-0.036774596119530344,0.035666788753956784,-0.01639970687943738,-0.03286892866643931,-0.016399706879437665,-0.3374025017469999,-0.03487366532620866,-0.08588267550021292,0.09427135807624498,-0.06963023046443055,0.3851662967931587,0.016399706879437655,-0.08588267550021295,-0.023209038039954326,-0.19258275336280398,0.016399706879437655,0.04661574088926874,-0.08588267550021295,-0.008005348851700483,-0.2967365834806141,0.028445217484692746,0.07989782536802364,-0.3106556621253921,0.08453966671737227,,0.2386273191728671,0.016399706879437648,-0.3833368943078509,0.08982700258324033,,-0.47944587810149303,0.044721395337934414,0.009096873776936507,0.18998856571473655,-0.05306451633628432,-0.2726188889121558,0.4699436085050224,0.058767300828732626,0.2984863216752777,0.23397589334103278,0.36423850092115645,0.03388403189873066,-0.33038871274316106,0.28722724100021807,0.11489141788361956,-0.2671027255639674,-0.036774596119530385,0.018380650898995602,-0.17415284497770023,0.16862541439679965,-0.07956664705363509,0.07980257055958567,-0.003523815428456944,0.009096873776936434,-0.18440847403246063,0.028445217484692732,0.01639970687943768,0.04947866334623536,0.059636098713555574,0.016399706879437648,-0.016399706879437426,,-0.24581936526611728,-0.3581619660613886,0.016399706879437648,0.15559497743834017,-0.028445217484692805,-0.02320903803995421,0.018380650898995734,0.17053766866309897,-0.10669252557965865,-0.03286892866643936,-0.08496052366423337,-0.10809852974163577,,0.06839273723785308,-0.03677459611953046,0.019640778232270242,0.13076444092955566,-0.1525862202935432,0.08701034922538768,-0.003523815428456944,,0.016399706879437648,-0.10083981356987026,0.37658593070861046,0.00017562227430604433,0.144623914747912,-0.08588267550021293,-0.00826708524438237,-0.06262689864589915,0.05057565736282974,0.2105646754171199,0.11358850991965105,0.020721942454591104,0.24144710582518347,0.4926475196640268
CBM4,-0.012741141004117553,0.078315191956376,-0.013977173821723149,-0.12704620397811675,-0.005665773531799444,-0.14007264650570503,0.04661574088926874,1.0,0.027065330052819383,,,0.03469095861604034,-0.008977387730502414,0.04828338077651451,0.03744663325501512,0.006944025859822672,0.029339425352097697,-0.03663274010795039,0.03326213353683374,0.03553092536345619,0.008977387730502346,-0.025348461020848173,0.00400348454799525,0.008023939024802406,0.00400348454799512,0.12202378605619724,0.027729144650950176,-0.00400348454799507,-0.05164436876403419,0.34853985138985893,-0.10712721336695387,-0.004003484547995073,-0.004003484547995073,0.005665773531799493,-0.008977387730502412,-0.004003484547995073,1.0,-0.004003484547995073,-0.04950791886134381,-0.015118717766373892,-0.0069440258598226666,-0.01950459917551036,0.13552366537804308,0.03690517461241739,,0.016757806430399595,-0.004003484547995072,0.27844695924297114,0.00694402585982283,,0.21934705060356885,0.029339425352097583,0.008977387730502289,0.036359129312901646,0.03904569914240913,-0.03580825438474799,-0.13392369354596204,-0.02638893467201191,-0.08550566083146548,0.04189274107768257,0.0456379825079207,0.03058310150306406,-0.023158340386825033,0.042146876012549066,-0.03149313426096194,-0.03717646268951166,0.008977387730502329,0.008023939024802357,-0.04112594781934859,0.029022604010252157,-0.03326213353683372,0.005220924828824261,-0.09352625491020981,0.008977387730502358,0.09406271930783554,-0.006944025859822658,-0.0040034845479950745,-0.012078695407078864,-0.014558321161324042,-0.004003484547995073,0.004003484547995223,,-0.03690517461241735,-0.01669598540630874,-0.004003484547995068,-0.03798373303251365,0.0069440258598225165,0.0056657735317994515,0.008023939024802532,-0.0490296872455923,0.026045701955825337,0.008023939024802338,0.07614870083408197,0.026388934672011862,,-0.01669598540630875,0.008977387730502401,-0.012741141004117565,-0.07455677319484869,0.047344228008136736,0.037983733032513664,-0.09352625491020981,,-0.004003484547995073,0.15059567917917793,0.01861025967325731,0.4140117396758141,-0.038250715713446966,-0.0040034845479950745,0.02838129581218259,0.027065330052819456,0.06673779886871836,0.013977173821723185,-0.027729144650950152,0.042416671871816865,0.038250715713446924,0.02534846102084808
CBM48,0.03030309501596808,0.3084885816208682,0.033242833293933294,0.29018101496217713,0.013475282442725521,0.2841795820471772,-0.06262689864589926,0.027065330052819383,1.0,,,-0.042382593699092204,0.021351512655317498,0.11019273976167641,0.7227707192927603,-0.016515434163670663,0.8301859344020399,0.08712605910473321,-0.0583465588210119,0.7617400834895289,0.26108431056199877,0.06028791476172237,0.14791929528226888,0.05980350024494572,0.147919295282269,0.22180372309014146,0.9518279522154001,0.009521751043619046,-0.1930989354142008,0.019083862786884315,-0.2408458370220498,0.009521751043619206,0.009521751043619183,0.2093369458544335,0.02135151265531752,0.009521751043619206,0.027065330052819386,0.009521751043619183,0.11774794492999537,0.03595784246057511,0.016515434163670517,0.046389073150737044,-0.27376354842521644,0.7333749355493591,,0.2786164009519855,0.009521751043619133,-0.061753577815382786,0.07451149366865246,,0.12339044440463076,0.04560034551135162,-0.02135151265531738,0.7250664167784837,0.6383308944040939,-0.7362822610177707,0.3064122244011526,-0.8990743011526384,-0.1797944005563167,0.6287206920232563,0.5767279689584757,0.7958869136177383,-0.2010623910118135,0.6249016382023399,0.07490219592987447,-0.7090362382235349,0.04925744314901157,0.13869086327677552,-0.07798300957676738,0.024144487653535066,0.07910952344650686,0.08906179479436863,-0.2060668092007708,0.049257443149011725,0.133111846786546,0.01651543416367041,0.009521751043619063,0.028727557011680564,0.03462501429675812,0.009521751043619204,-0.0095217510436192,,-0.7142784484892752,0.039709161996487156,0.009521751043619027,0.07166735947227465,0.07451149366865298,0.09793083170585397,0.13869086327677513,0.10106100582051869,0.9367203168325804,-0.019083862786884197,0.3554273383047108,0.9243857970195767,,0.03970916199648725,-0.021351512655317425,0.030303095015967996,0.19357125461423544,-0.08077524234305816,0.7125505549876263,-0.2060668092007708,,0.009521751043619076,-0.19047535475766952,-0.009411190771004623,0.04843440211010639,0.09097419707691606,0.009521751043619058,0.9298853436204497,0.9009887202339498,0.40554723877034504,0.012562698628521368,0.06595005147480197,0.1317469156608306,0.689006128249202,0.0971100316112933
CBM5,,,,,,,,,,,,,,,,,,,,,,,,,,,,,,,,,,,,,,,,,,,,,,,,,,,,,,,,,,,,,,,,,,,,,,,,,,,,,,,,,,,,,,,,,,,,,,,,,,,,,,,,,,,,,,,,,,,,,
CBM50,,,,,,,,,,,,,,,,,,,,,,,,,,,,,,,,,,,,,,,,,,,,,,,,,,,,,,,,,,,,,,,,,,,,,,,,,,,,,,,,,,,,,,,,,,,,,,,,,,,,,,,,,,,,,,,,,,,,,
CBM63,-0.24544059883924735,0.2123884384984696,0.04260896696360945,0.24162994051983136,-0.07302470083564726,0.07974983282788242,0.37924422261197743,0.03469095861604034,-0.042382593699092204,,,1.0,-0.029862531035130153,0.13619155793806909,0.34491814299444656,-0.021168640544183586,0.004077425394834609,0.11167373554589703,0.0500602081689416,0.33831576628171184,-0.027367279115752707,-0.007775244858353635,-0.012204494486554692,-0.024460721257860085,-0.012204494486555183,-0.08244929822282246,-0.005966923045673333,-0.11540426404198452,0.02330673230252966,-0.0394788846772077,0.2883148545785079,0.012204494486555122,-0.11540426404198455,-0.017271929241126974,-0.2587817716386618,0.012204494486555122,0.03469095861604035,-0.11540426404198455,-0.11208274917540366,-0.4013900156369002,-0.05261029782304506,-0.2649049429737176,0.019818298391439657,0.15062245746236952,,-0.08175427213726437,0.012204494486555107,0.110272255376523,0.12638923619027417,,-0.1336660860323231,-0.014626119480825732,0.02986253103513003,0.26502833268848264,0.05876459563263871,-0.3664094471117833,0.1629321840386791,0.018899574533664146,-0.037472940346533916,0.29396719402464916,0.5088698240802083,0.21365576356117985,-0.45995412728349583,0.3613005233850333,-0.11532586662413091,-0.36373792290145246,0.02986253103513018,0.03947888467720742,-0.2308424087107457,0.25135036636276475,-0.1678614639877701,0.11415486275068923,-0.0814954043293646,-0.027367279115752933,0.03138924446115154,0.021168640544183877,0.012204494486555178,0.03682151628992731,0.04438057602491756,-0.11540426404198455,-0.012204494486554597,,-0.3363589521970038,-0.48127771824065124,-0.11540426404198452,0.10065832472587538,-0.021168640544184224,-0.017271929241126645,-0.02446072125785973,0.12425909376913478,-0.03788990303832571,-0.02446072125786031,0.07126260741527858,-0.03941499055417595,,0.050897177045667645,-0.027367279115752742,-0.0017706908457101132,-0.1414555410374691,-0.05404112819493237,0.14148358732351332,-0.0814954043293646,,0.012204494486555148,0.02736727911575277,0.5082112975364059,0.06208074447698529,-0.0489669332892268,-0.11540426404198453,0.02896615606225678,0.017805204143892885,0.2645422941663377,0.25440059687096206,0.08453140981370588,0.06362917608967211,0.39516505697220405,0.5605951542872998
CBM67,-0.010051332566855632,0.06178191098711515,-0.01102642395853605,0.03648486389762312,-0.004469660448636459,0.029172428341910077,-0.009096873776936474,-0.008977387730502414,0.021351512655317498,,,-0.029862531035130153,1.0,-0.041485090072817865,0.02954119762379175,0.005478058303205715,0.023145519026833383,-0.028899127130074746,0.026240096232655608,0.02802991875851713,0.00708215297450427,-0.019997095369730444,0.00315830070518456,0.006329988782668417,0.0031583007051850555,-0.07357080140398163,0.021875187990704568,-0.0031583007051850156,0.04508739284312186,-0.00632998878266847,0.05013867679443158,-0.0031583007051850186,-0.0031583007051850186,0.004469660448636499,0.19433427762039662,-0.0031583007051850186,-0.008977387730502414,-0.0031583007051850186,0.0050215114879396255,-0.011926974217234007,-0.005478058303205905,-0.015386943197074484,-0.03161117448534531,0.02911404742694616,,-0.04974274056425989,-0.0031583007051850186,-0.03224092572211862,0.005478058303205676,,-0.0409277795429648,0.02314551902683327,0.007082152974504255,-0.02643512998719946,-0.02134185784690629,-0.028248700280716913,0.06703360318703726,-0.02081791249211513,0.028728066337539673,-0.016419974999793262,0.03600325431758478,-0.039406845581723464,-0.018269335599472417,-0.016001159444620452,0.037136070228322896,-0.02932806332108107,0.007082152974504222,0.006329988782668627,0.2182901113899387,-0.04354833240756665,-0.02624009623265551,-0.02954119762379171,0.062033963778238325,0.0070821529745042425,-0.061511366404084396,-0.005478058303205904,-0.003158300705185017,-0.009528737219929247,-0.011484884090072481,-0.0031583007051850186,0.0031583007051844466,,-0.029114047426946,-0.013171261647284535,-0.0031583007051850147,0.023297716875397896,0.005478058303206055,0.004469660448636153,0.006329988782668289,0.0056770686559535575,0.020547140339362006,0.00632998878266859,0.024479662843443644,0.02081791249211513,,-0.013171261647284516,0.0070821529745042746,-0.010051332566855642,-0.01246859860813273,-0.053438216106348226,-0.023297716875397972,0.062033963778238325,,-0.0031583007051850186,-0.007082152974504245,0.014681409543383869,-0.01606536504040136,-0.03017552858349637,-0.0031583007051850173,0.022389662181304188,0.02135151265531748,0.015215458441035093,0.011026423958535916,-0.02187518799070457,-0.04369956478923004,-0.02279928826308608,0.01999709536973034
CBM91,0.03147200345511063,0.019919062952532013,0.26579245553478675,0.06824705248671536,0.04077973191467155,0.051689647142420976,0.08009727338966638,0.04828338077651451,0.11019273976167641,,,0.13619155793806909,-0.041485090072817865,1.0,0.1503475418646327,-0.0226237534714725,0.10783925724059108,0.015442439654629082,-0.03349000236295764,0.15236178896616556,-0.000955052433331228,0.32435516960063837,0.018500361359508347,-0.010336811129762981,0.018500361359508232,0.012784107829601795,0.12813817315457351,-0.018500361359508215,0.0054941461298761715,-0.037079141859020684,0.0511173071826866,-0.018500361359508218,-0.018500361359508218,-0.040779731914671484,-0.041485090072817865,-0.018500361359508218,0.04828338077651449,-0.018500361359508218,0.14272254325869152,-0.06986457387737582,0.022623753471472528,0.010092981448473664,-0.05236225334544921,0.11315063268657485,,0.06038161029856209,-0.01850036135950821,0.04468736646712884,0.03208879318912951,,0.0037158556047148625,0.03848893895363358,-0.0009550524333311379,0.15640397703298747,0.14747082025153593,-0.1654722624326832,0.06518785109654097,-0.12194497605071743,-0.09849999655193656,0.1727421435475981,0.2108960726570753,0.14132649258870095,-0.10701619064754876,0.1843859848044491,0.12872484472749848,-0.16038251493977612,-0.0009550524333311741,-0.10516871710733018,-0.10551487675699092,0.050113569448195915,0.058449532425916516,0.008522886131179824,-0.1746332502984039,0.04148509007281776,0.10580933032089761,0.13204884679267617,0.07613098343624965,0.007629584460549878,0.2768436580446934,0.07613098343624965,-0.07613098343624958,,-0.17054120184062962,-0.07715322978440715,-0.018500361359508225,0.08260106504834393,-0.022623753471472594,-0.10774137023183426,-0.010336811129762855,0.06316232155334815,0.10496765953537683,0.03707914185902055,0.07439648121742526,0.10673127575732198,,0.1549921209422686,0.041485090072817664,-0.028761090640673077,0.022136736216333174,-0.07772951709849171,0.11941086510428496,-0.1746332502984039,,-0.018500361359508215,0.043395194939479874,0.08599921513921319,0.0984389422555396,-0.06513662259045859,-0.018500361359508215,0.11687828164249431,0.11019273976167651,0.11909996679507114,0.06458942538345344,0.11947271396282523,0.9233112671947533,0.14327231086057468,0.11713687992824898
CE1,0.04192629032567904,0.3649438435341141,0.04599360821708693,0.3723682442843719,-0.06632934540759557,0.20883505068332145,0.26362794710151094,0.03744663325501512,0.7227707192927603,,,0.34491814299444656,0.02954119762379175,0.1503475418646327,1.0,-0.02285017049366782,0.6074907508680476,0.10589373625446119,-0.03027000709259078,0.9338309404335643,0.18588230504816616,0.06340342298668025,0.10691173544844382,0.03376634370221266,0.10691173544844383,0.12523515709977345,0.7035312770250276,-0.10691173544844382,-0.16282490734836885,0.026403757481429375,-0.05252409031218865,0.013173957922557038,-0.10691173544844385,0.15130261492975866,-0.18588230504816625,0.013173957922557038,0.03744663325501513,-0.10691173544844385,-0.04923161553358308,-0.37134820577352606,0.022850170493667814,0.03874549049229707,-0.14964222609748953,0.7233606874468625,,0.18055121725881262,0.01317395792255704,-0.00022736077909777717,0.11600855789092852,,0.0791794662578851,0.06186305568130603,0.02431467804419791,0.8383176907414018,0.5268224517045288,-0.9264121018315826,0.3668150304548482,-0.704707803564096,-0.22831341403906402,0.7086882991623057,0.7209564922408731,0.7317719150010277,-0.5967283099604063,0.7699599593834293,0.08705929537073982,-0.891410738318366,0.0781705537121873,0.0939364448858545,-0.3339686056861439,0.20652216388351752,-0.1439328814071533,0.10882245716368928,-0.29144079038632187,0.024314678044197704,0.18944334873130397,0.022850170493667808,0.013173957922557083,0.039746431675858215,0.04790594495947357,0.013173957922557046,-0.013173957922556968,,-0.8835816995262138,-0.38694302555106763,0.01317395792255708,0.11074847646375054,0.0465791936986305,0.06632934540759564,0.09393644488585447,0.11389757114369277,0.6760106752399193,-0.026403757481429417,0.35851737302104086,0.685401856338956,,0.05494019187072654,-0.02954119762379176,0.003708864144194742,0.01775980640737217,-0.13151671857158112,0.6725431082920755,-0.29144079038632187,,0.013173957922557052,-0.13202642938017672,0.4438170229247156,0.06701212544622734,0.08337455363012362,-0.10691173544844382,0.7216873940498677,0.6850110674747537,0.3308915306302516,0.16363110615694382,0.09124615831052914,0.1602730118476445,0.8231668294965527,0.6168958878344504
CE11,0.007774724158651983,0.04318230845646702,0.00852895913688648,0.0334637657076741,0.003457290547282747,0.04045731821378862,-0.028445217484692677,0.006944025859822672,-0.016515434163670663,,,-0.021168640544183586,0.005478058303205715,-0.0226237534714725,-0.02285017049366782,1.0,0.23667900023564079,0.02235352779023953,-0.020296762518644044,-0.021681193522091354,-0.005478058303206123,0.015467789911417396,-0.002442951382770598,0.5753103058991225,-0.002442951382770782,-0.030670736525571722,-0.016920497995181746,0.002442951382770896,0.0315137177556007,0.004896257922545811,0.02197300757803944,0.0024429513827708732,0.0024429513827707795,-0.003457290547282845,0.005478058303205874,0.0024429513827708732,0.006944025859822674,0.0024429513827707795,0.030210042624242203,0.009225536412169008,0.0042372881355932325,0.011901828758166788,-0.03805210231590542,0.188158596531507,,-0.04501273257582469,0.0024429513827707527,-0.10496058233819003,-0.004237288135592832,,-0.0786787265874708,0.06695759915894828,0.2541819052687536,0.04887041498654056,0.043397230604912934,0.02185042143041093,0.037197180253198084,0.016102693459657834,0.04090377200392422,0.03821027683416277,-0.027848583187471295,-0.01866200036759168,0.014131364563153935,0.037773735656080644,0.019217308064579452,0.02268531071997113,-0.005478058303206115,-0.0048962579225459366,0.02509531131907418,-0.017709775009363438,-0.056057725051493,0.022850170493667832,0.057070307383276404,-0.005478058303206146,-0.0573976613236439,0.004237288135593042,0.0024429513827708515,0.007370495700194142,0.00888357888871823,0.0024429513827709027,-0.0024429513827704825,,0.022519769033692228,0.01018799501936114,0.0024429513827708953,-0.045486652588132746,-0.0042372881355933825,-0.003457290547282854,-0.004896257922545715,0.02991822269263543,-0.015893250703337154,-0.004896257922545906,-0.0005808301860812061,-0.016102693459657893,,0.010187995019361335,0.2541819052687536,0.0077747241586519815,0.01833552066731697,-0.028889744894011894,0.1828157820580366,0.057070307383276404,,0.002442951382770955,0.00547805830320594,-0.011356097184208245,0.012426589297128969,0.023340826653355507,0.0024429513827708173,-0.017318444724339594,-0.016515434163670583,0.10404936898626865,-0.008528959136886649,-0.07219412477944194,-0.019251295601649593,0.04495270318423999,-0.015467789911417394
CE12,0.03284923525497147,0.29391631717873623,0.03603597754086806,0.3052113432217428,0.014607508667184773,0.3383118092462118,-0.07521038056125019,0.029339425352097697,0.8301859344020399,,,0.004077425394834609,0.023145519026833383,0.10783925724059108,0.6074907508680476,0.23667900023564079,1.0,0.09444660391494,-0.08575649930258389,0.660620484792154,0.17433204931010857,0.0164415529056485,0.1364540886520411,0.2734865774809345,0.13645408865204142,0.15163346544749948,0.8321591542461494,0.010321791879882077,-0.13332714780155472,0.02068733566421589,-0.1528591761044374,0.010321791879882013,-0.13645408865204145,0.08925187795649915,0.023145519026833244,0.010321791879882013,0.02933942535209769,-0.13645408865204145,0.12764141556354758,0.038979108425268666,0.01790310137939791,0.019196438028734338,-0.3041356495439039,0.6703747488979248,,0.25663362555308505,0.010321791879882112,-0.15807529869662118,0.2366790002356405,,0.007887788628740938,0.01040847201210286,0.3059837615347365,0.6448126412339648,0.6321212488064369,-0.6370143008874002,0.31142085352721943,-0.828645343148102,-0.10531803997934687,0.6033437720920123,0.5059763264407041,0.7724614213871229,-0.20561556650953475,0.5673575249226065,0.06093948092876979,-0.6121851707951487,0.04268033708548062,0.05285614262207164,-0.09063345566776461,-0.07482613578615546,0.0470435653317033,0.09654498485678002,-0.1472529168827581,0.04268033708548067,0.09014298107847594,0.017903101379397993,0.010321791879882209,0.031141316689929966,0.03753429277575792,0.010321791879882003,-0.010321791879882292,,-0.6169661155957433,0.04304562301352492,0.01032179187988214,0.08052272590195035,-0.017903101379397813,-0.01460750866718485,0.12639962090835885,0.12640843785400704,0.8638650808458554,-0.020687335664215784,0.30386470100420776,0.8522422207105139,,0.04304562301352486,0.1743320493101084,0.03284923525497164,0.21700894647244706,-0.1072276362503134,0.650571722527372,-0.1472529168827581,,0.010321791879882157,0.023145519026833313,0.01699898596157488,0.052503979164847205,0.08130512146806812,0.010321791879882181,0.8345114468171545,0.8532619811341197,0.4029211604893904,0.1347745560028464,0.04890007401240266,0.11591790876157206,0.6285258446642039,0.05692629719424325
CE2,-0.04101503295988245,-0.4677603309502956,-0.044993948720818244,-0.40897469401731235,-0.018238703117317734,-0.450908141692554,0.0876671144010589,-0.03663274010795039,0.08712605910473321,,,0.11167373554589703,-0.028899127130074746,0.015442439654629082,0.10589373625446119,0.02235352779023953,0.09444660391494,1.0,0.10707420182292643,0.11437767421350453,0.02889912713007481,-0.08159928250667596,0.012887625263493295,0.025829878459394433,0.012887625263493484,0.39280701825426545,0.08926294602975673,-0.012887625263493458,-0.16624849268716585,-0.02582987845939434,-0.3448534307662092,-0.012887625263493465,-0.012887625263493465,0.01823870311731776,-0.028899127130074722,-0.012887625263493465,-0.03663274010795039,-0.012887625263493465,-0.1593710424534961,-0.04866869515835275,-0.022353527790239552,-0.06278729493648366,0.43626450727828664,0.11880152277016198,,-0.16382787929658402,0.10928706223442455,-0.13156092710635392,0.022353527790239407,,-0.16700812710792992,0.09444660391494003,0.028899127130074816,0.11704374723420387,0.12569208964487735,-0.11527042463086012,-0.43111403469451376,-0.08494867335656762,-0.45365051604120477,0.13485700813810103,0.14691332245518504,0.09845012434586721,-0.07454906071244677,0.13567509442459877,-0.10137961265054042,-0.11967482677174626,0.028899127130074833,0.02582987845939458,0.1540888444174423,0.0934267236880446,-0.1070742018229263,0.9636144546027693,0.37321057093456617,0.028899127130074767,0.3027974913283085,-0.022353527790239573,-0.012887625263493468,-0.038882552989062666,-0.046864721305516555,-0.012887625263493468,0.012887625263493253,,-0.11880152277016189,-0.05374608063093934,-0.012887625263493454,-0.12227351237730248,0.02235352779023986,0.01823870311731775,0.02582987845939434,-0.15783156608507942,0.08384377222073147,0.02582987845939463,0.24513043796884137,0.08494867335656765,,-0.053746080630939275,0.02889912713007488,-0.04101503295988252,-0.32597269511703075,0.14005711501045584,0.1222735123773026,0.37321057093456617,,-0.012887625263493463,-0.028899127130074694,0.059908324823023607,-0.06555563376913866,-0.1231329568693349,-0.012887625263493468,0.09136228716130303,0.08712605910473323,0.1944693519323041,0.044993948720818175,-0.08926294602975685,0.0008030239522665672,0.12313295686933476,0.08159928250667589
CE4,-0.04681751894975296,-0.0836572343073002,-0.07441268096014472,-0.19146065441953183,-0.07688824940778213,-0.21692747336804855,-0.0822985490983949,0.03326213353683374,-0.0583465588210119,,,0.0500602081689416,0.026240096232655608,-0.03349000236295764,-0.03027000709259078,-0.020296762518644044,-0.08575649930258389,0.10707420182292643,1.0,-0.05432990159221631,0.032987549549624046,-0.16795878081168897,-0.0117018249583235,-0.02345325149100975,-0.011701824958323464,0.1527298005956483,-0.06072302008930927,-0.12036162814275586,0.06261706001439876,0.023453251491009734,-0.10262020891698419,0.011701824958323507,0.011701824958323486,0.0768882494077821,0.02624009623265562,0.011701824958323507,0.03326213353683375,0.011701824958323486,0.1447071903540765,0.04419065111291663,-0.05605772505149273,-0.026911641386829346,0.20470031818607215,-0.011760318035071117,,-0.15213411307849295,0.011701824958323538,0.11945590509325506,-0.020296762518644002,,0.1138904731100082,0.35944224136254405,-0.026240096232655608,-0.07385869952770512,0.2385410909947278,0.055447161190898354,-0.22805477912410882,0.07713248063444193,-0.20517377327929348,-0.07880909531333674,-0.07865149934438584,-0.052026887839136796,-0.027801144997706268,-0.07974451376617273,0.0009228230233194765,0.04495723606445919,0.09221519533190373,0.10889009620825943,0.061223666878438006,0.2668573332457177,0.07980599647266316,0.10945313822883809,-0.12600495507243115,-0.026240096232655427,0.06428243567860008,-0.13241221262162944,-0.12036162814275586,0.03530493940568011,0.04255266228070881,-0.12036162814275589,0.12036162814275604,,0.07583377491580279,0.016403651242349073,-0.12036162814275585,-0.06126092330738777,0.05605772505149281,0.07688824940778209,0.0427184223586248,-0.07842390222926027,-0.05464992036627337,-0.023453251491009765,0.04954961216899936,-0.05590089188837609,,0.04880086244598865,-0.026240096232655462,-0.21493497336022907,-0.2590920195553223,0.1552794877882094,0.09258527891440117,-0.12600495507243115,,0.011701824958323514,0.026240096232655562,0.03330374315143978,0.059523809523809555,-0.07512715162499312,-0.12036162814275587,-0.0630364535743729,-0.058346558821012064,-0.051971842743043686,-0.04085402091929521,0.06072302008930924,-0.007505823101218459,-0.03391566949999685,0.013926930415562954
